Seed : 6352
Seed : 6352
Seed : 6352
5000
11.4 25.5 52.7 64.1 82.3 96.4 108.4 116.4 
10000
10.6 23.7 49.4 60.6 79.4 93.5 105.4 113.4 
15000
10.3 23.1 48.5 59.7 78.3 92.6 104.4 112.0 
20000
10.2 22.8 47.9 58.9 77.2 91.7 103.3 111.1 
25000
10.1 22.6 47.6 58.7 77.6 92.1 104.0 111.9 
30000
10.0 22.5 47.6 58.5 76.8 91.4 103.1 110.4 
35000
9.7 21.9 46.8 57.8 76.3 90.6 102.3 110.0 
40000
9.7 22.0 47.0 58.1 76.5 90.6 102.3 109.9 
Seed : 6352
Seed : 6352
Seed : 6352
Seed : 6352
Seed : 6352
Seed : 6352
5000
11.4 25.9 54.5 66.5 86.6 101.8 114.0 121.9 
10000
11.1 24.9 52.4 64.1 84.0 98.9 111.3 119.1 
15000
10.8 24.3 51.2 62.9 82.5 97.6 110.0 117.8 
20000
10.6 24.0 50.7 62.4 82.0 96.7 108.8 116.6 
25000
10.5 23.7 50.5 62.3 82.2 97.0 109.2 117.0 
30000
10.5 23.4 49.5 61.1 80.7 95.3 107.7 115.5 
35000
10.3 23.2 49.4 61.1 80.7 95.2 107.5 115.2 
40000
10.3 23.3 49.6 61.4 81.0 95.5 107.7 115.4 
